a

40,0;
40,10;
40,10;
3,21;
3,21;
3,21;
23,28;
23,28;
23,28;
21,16;
21,16;
21,16;
22,28;
22,28;
22,28;
40,32;
40,32;
40,40;

b

40,0;
40,9;
40,9;
40,9;
2,14;
2,14;
2,14;
3,29;
10,32;
19,26;
19,13;
19,13;
19,13;
20,23;
25,30;
33,32;
40,24;
40,9;
40,9;
40,9;
40,40;

c

40,0;
19,8;
7,15;
4,22;
8,28;
8,28;
8,28;
4,22;
9,13;
25,8;
38,13;
40,21;
40,26;
33,33;
33,33;
38,29;
40,40;

d

40,0;
40,8;
40,8;
40,8;
3,13;
3,13;
3,13;
0,23;
7,32;
22,34;
37,29;
40,20;
40,8;
40,8;
40,8;
40,40;

e

40,0;
40,10;
40,10;
40,10;
35,30;
35,30;
35,30;
40,10;
40,10;
40,10;
20,10;
20,10;
20,10;
20,25;
20,25;
20,25;
20,10;
20,10;
20,10;
0,10;
0,10;
0,10;
5,30;
5,30;
5,30;
0,10;
0,10;
0,10;
40,10;
40,10;
40,10;
40,40;

f

40,0;
40,10;
40,10;
40,10;
2,14;
2,14;
2,14;
1,29;
1,29;
1,29;
2,14;
2,14;
2,14;
18,12;
18,12;
18,12;
17,28;
18,12;
18,12;
18,12;
32,6;
40,40;

g

40,0;
19,8;
7,15;
4,22;
8,28;
8,28;
8,28;
4,22;
9,13;
25,8;
38,13;
40,21;
40,26;
33,33;
33,33;
26,33;
26,33;
26,33;
26,20;
26,33;
40,40;

h

40,0;
40,6;
40,6;
40,6;
1,13;
1,13;
1,13;
20,10;
20,10;
20,10;
18,28;
18,28;
18,28;
40,25;
40,25;
40,25;
0,30;
0,30;
0,30;
40,40;

i

40,0;
40,21;
40,21;
40,21;
37,12;
37,12;
37,12;
38,15;
38,15;
38,15;
2,20;
2,20;
2,20;
1,17;
1,17;
1,17;
3,24;
3,24;
3,24;
2,20;
2,20;
2,20;
40,15;
40,15;
40,15;
40,40;

j

40,0;
40,21;
30,7;
30,7;
30,7;
38,13;
40,18;
29,29;
5,33;
5,33;
5,33;
3,26;
3,26;
8,40;
8,40;
6,33;
25,28;
40,40;

k

40,0;
40,8;
40,8;
40,8;
3,13;
3,13;
3,13;
21,11;
21,11;
21,11;
1,32;
1,32;
21,11;
21,11;
21,11;
40,27;
40,27;
40,27;
35,35;
40,40;

l

36,0;
22,7;
4,11;
0,10;
3,9;
33,6;
33,6;
33,6;
27,33;
29,33;
29,33;
29,33;
32,6;
32,6;
32,6;
36,40;

m

40,0;
40,8;
40,8;
40,8;
3,13;
3,13;
3,13;
29,19;
29,19;
29,19;
2,32;
2,32;
2,32;
40,30;
40,30;
40,30;
40,40;

n

40,0;
40,8;
40,8;
40,8;
3,13;
3,13;
3,13;
40,27;
40,27;
40,27;
3,34;
3,34;
3,34;
40,27;
40,27;
40,27;
40,40;

o

40,0;
40,17;
38,28;
25,36;
14,35;
1,24;
1,12;
13,2;
35,5;
40,19;
40,26;
40,40;

p

40,0;
40,15;
40,15;
40,15;
3,18;
3,18;
1,25;
1,32;
6,35;
13,35;
19,26;
19,22;
16,17;
16,17;
16,17;
40,15;
40,15;
40,15;
40,40;

q

40,0;
40,17;
38,28;
34,32;
34,32;
34,32;
24,17;
38,40;
38,40;
34,32;
34,32;
34,32;
23,36;
7,34;
1,22;
3,8;
13,2;
30,2;
40,16;
40,40;

r

40,0;
40,8;
40,8;
40,8;
3,13;
3,13;
3,13;
3,26;
10,32;
18,31;
20,23;
20,11;
20,11;
20,11;
40,29;
40,29;
40,29;
40,40;

s

40,0;
40,22;
33,5;
33,5;
33,5;
40,17;
36,31;
28,34;
17,22;
7,13;
1,13;
0,25;
8,34;
8,34;
8,34;
2,22;
5,13;
8,13;
30,31;
40,37;

t

40,0;
40,21;
40,21;
40,21;
37,12;
37,12;
37,12;
38,15;
38,15;
38,15;
2,20;
2,20;
2,20;
1,4;
1,4;
1,4;
3,36;
3,36;
3,36;
2,20;
2,20;
2,20;
40,15;
40,15;
40,15;
40,40;

u

40,0;
40,21;
40,21;
40,21;
38,14;
31,8;
24,5;
12,6;
1,10;
1,10;
1,10;
16,5;
22,5;
30,8;
38,17;
39,25;
37,31;
24,37;
11,36;
11,36;
11,36;
1,32;
23,35;
40,38;
40,40;

v

40,0;
40,21;
40,21;
40,21;
1,4;
1,4;
1,4;
40,21;
40,21;
40,21;
1,38;
1,38;
1,38;
40,21;
40,21;
40,21;
40,40;

w

40,0;
39,3;
33,7;
8,10;
6,9;
8,8;
33,7;
38,10;
39,13;
39,15;
37,17;
34,19;
20,23;
13,23;
11,21;
13,20;
18,20;
36,20;
38,24;
39,28;
39,32;
26,36;
14,36;
11,34;
10,33;
9,32;
11,32;
38,37;
40,40;

x

40,0;
13,7;
3,4;
1,2;
1,1;
3,2;
11,13;
19,19;
22,19;
25,17;
39,3;
38,3;
36,4;
3,38;
3,39;
4,39;
17,21;
19,19;
23,19;
31,22;
38,31;
39,39;

y

40,0;
40,20;
40,20;
40,20;
13,19;
13,19;
13,19;
2,8;
2,8;
2,8;
13,19;
13,19;
13,19;
0,32;
0,32;
0,32;
13,19;
13,19;
13,19;
40,20;
40,20;
40,20;
40,40;

z

40,0;
40,31;
39,32;
38,32;
38,31;
38,7;
38,6;
39,6;
40,7;
8,33;
9,34;
10,33;
10,30;
5,1;
6,0;
8,1;
8,3;
8,31;
8,32;
9,33;
10,32;
37,7;
38,6;
38,7;
38,9;
38,40;

0

40,0;
39,22;
37,32;
32,34;
20,36;
9,33;
4,29;
2,20;
3,13;
8,5;
24,3;
32,5;
39,21;
29,35;
19,34;
11,33;
5,30;
4,29;
5,28;
6,27;
31,10;
32,9;
31,9;
30,10;
40,21;
40,22;
40,23;
40,40;

1

36,0;
37,23;
38,24;
39,24;
40,23;
40,15;
39,15;
39,17;
39,30;
39,33;
40,33;
40,32;
40,24;
40,23;
39,22;
38,22;
2,23;
1,23;
0,24;
0,23;
6,18;
6,17;
5,17;
4,17;
2,22;
1,23;
0,23;
0,24;
39,23;
39,24;
37,24;
37,40;

2

31,0;
40,35;
39,35;
38,34;
37,33;
40,4;
38,3;
37,3;
36,3;
37,35;
38,36;
39,35;
39,33;
38,3;
38,3;
38,3;
38,3;
14,31;
14,31;
14,31;
5,33;
0,26;
1,13;
9,3;
9,3;
9,3;
9,3;
4,11;
1,21;
0,25;
0,27;
6,31;
14,31;
30,14;
30,14;
30,14;
30,14;
40,40;

3

31,0;
32,28;
40,18;
34,6;
33,6;
33,7;
34,8;
40,17;
40,25;
38,29;
33,32;
27,32;
22,28;
19,22;
18,15;
18,11;
18,11;
18,11;
18,11;
17,22;
14,27;
12,28;
9,28;
6,28;
3,25;
1,21;
1,14;
5,6;
6,6;
7,7;
3,14;
2,19;
3,25;
8,28;
14,27;
19,17;
19,17;
24,30;
35,30;
34,40;

4

35,0;
35,26;
38,26;
40,25;
39,24;
2,25;
1,25;
0,26;
1,26;
17,26;
18,26;
19,25;
19,24;
18,9;
18,8;
18,8;
18,8;
1,16;
1,16;
1,16;
1,16;
18,8;
18,8;
18,8;
18,8;
19,25;
19,25;
19,25;
19,25;
40,26;
40,26;
40,26;
40,26;
36,40;

5

40,0;
40,21;
39,18;
38,13;
32,7;
31,6;
31,6;
31,6;
40,19;
40,21;
37,26;
26,29;
21,23;
20,10;
18,7;
16,6;
13,6;
2,6;
2,6;
2,6;
2,6;
7,25;
7,25;
7,25;
7,25;
2,6;
2,6;
2,6;
2,6;
17,6;
18,7;
19,9;
21,22;
25,26;
36,24;
39,40;

6

40,0;
40,19;
40,22;
38,29;
33,33;
29,33;
25,30;
22,23;
26,14;
30,13;
36,16;
39,22;
39,22;
39,22;
30,12;
28,11;
26,9;
13,7;
8,9;
1,19;
1,26;
1,26;
1,26;
1,26;
5,13;
7,10;
11,8;
17,8;
23,9;
31,13;
39,21;
39,23;
39,26;
40,40;

7

40,0;
40,16;
40,16;
40,16;
40,16;
2,29;
2,29;
2,29;
2,29;
3,9;
3,9;
3,9;
3,9;
5,7;
5,7;
5,7;
3,9;
3,9;
3,9;
2,29;
2,29;
2,29;
2,29;
20,23;
20,23;
20,23;
20,23;
20,13;
20,13;
20,32;
20,32;
20,23;
20,23;
20,23;
20,23;
40,17;
40,17;
40,17;
40,17;
40,40;

8

40,0;
39,20;
37,28;
31,32;
26,32;
22,29;
19,21;
18,15;
16,9;
13,5;
8,4;
3,11;
1,19;
2,28;
10,33;
13,33;
17,26;
21,9;
27,5;
31,5;
37,8;
40,26;
40,32;
40,40;

9

40,0;
40,18;
40,18;
40,18;
40,18;
6,30;
6,30;
6,30;
6,30;
1,26;
0,17;
6,7;
15,7;
19,13;
15,20;
6,30;
6,30;
6,30;
6,30;
40,16;
40,16;
40,16;
40,16;
40,40;

.

34,0;
34,22;
34,22;
34,22;
38,22;
38,22;
38,18;
38,18;
35,18;
35,18;
35,21;
35,21;
37,21;
37,21;
37,19;
37,19;
36,19;
36,19;
36,20;
36,20;
34,40;

@

31,0;
27,10;
27,10;
27,10;
5,20;
5,20;
5,20;
17,25;
17,25;
17,25;
17,14;
17,14;
17,14;
17,25;
17,25;
17,25;
28,29;
28,29;
28,29;
22,34;
10,36;
1,29;
0,20;
1,11;
8,6;
17,4;
30,9;
32,19;
26,31;
31,40;

-

40,0;
20,10;
20,10;
20,10;
20,30;
20,30;
20,30;
21,10;
21,10;
21,10;
21,30;
21,30;
21,30;
22,10;
22,10;
22,10;
22,30;
22,30;
22,30;
23,10;
23,10;
23,10;
23,30;
23,30;
23,30;
40,40;

_

18,0;
20,5;
20,5;
20,5;
20,35;
20,35;
20,35;
21,5;
21,5;
21,5;
21,35;
21,35;
21,35;
22,5;
22,5;
22,5;
22,35;
22,35;
22,35;
23,5;
23,5;
23,5;
23,35;
23,35;
23,35;
18,40;

:

40,0;
14,22;
14,22;
14,22;
18,22;
18,22;
18,18;
18,18;
15,18;
15,18;
15,21;
15,21;
17,21;
17,21;
17,19;
17,19;
16,19;
16,19;
16,20;
16,20;
34,22;
34,22;
34,22;
38,22;
38,22;
38,18;
38,18;
35,18;
35,18;
35,21;
35,21;
37,21;
37,21;
37,19;
37,19;
36,19;
36,19;
36,20;
36,20;
40,40;

/

29,0;
29,17;
40,0;
40,0;
40,0;
4,36;
4,36;
4,36;
39,0;
39,0;
39,0;
3,36;
3,36;
3,36;
38,0;
38,0;
38,0;
2,36;
2,36;
2,36;
16,21;
29,40;


" "

40,0;
40,40;