a

29,2;
18,6;
13,10;
10,15;
8,22;
8,28;
10,29;
12,30;
12,28;
12,25;
11,23;
10,12;
12,9;
16,7;
23,7;
29,12;
31,19;
31,24;
28,26;
21,28;
11,30;
8,29;
10,27;
13,27;
16,27;
25,29;
29,31;
30,35;
30,37;

b

40,0;
40,10;
37,13;
35,14;
31,15;
2,14;
1,13;
1,12;
38,13;
39,14;
40,15;
40,30;
38,32;
35,33;
29,33;
26,32;
21,27;
20,22;
20,19;
23,14;
24,13;
25,14;
21,23;
30,33;
33,33;
40,40;

c

34,2;
24,5;
14,11;
9,19;
6,28;
6,33;
7,34;
8,36;
10,37;
8,35;
6,32;
7,25;
10,16;
19,11;
29,11;
36,15;
36,26;
32,31;
31,35;
31,39;

d

40,0;
40,6;
33,10;
23,10;
17,15;
17,22;
20,25;
24,25;
26,25;
19,24;
18,20;
19,14;
24,10;
30,10;
35,12;
38,18;
37,23;
30,25;
12,29;
2,28;
1,27;
0,25;
1,23;
3,22;
21,22;
34,25;
38,30;
40,35;
40,39;

e

35,0;
25,14;
21,25;
18,33;
15,35;
11,33;
9,26;
12,14;
19,9;
26,9;
32,16;
33,40;

f

40,0;
40,20;
11,15;
5,15;
3,17;
1,24;
4,35;
4,35;
4,35;
4,35;
2,26;
3,18;
5,15;
14,15;
15,16;
15,17;
15,18;
15,27;
15,27;
15,27;
15,6;
15,6;
15,6;
15,16;
15,16;
15,16;
15,16;
35,16;
40,29;
40,40;

g

21,1;
21,6;
13,11;
7,15;
4,21;
4,26;
7,28;
9,29;
7,24;
4,20;
7,17;
11,15;
15,15;
19,18;
21,23;
17,27;
9,29;
7,28;
9,26;
28,26;
34,21;
35,17;
35,13;
31,14;
25,21;
19,33;
19,36;

h

38,2;
37,6;
33,11;
25,17;
12,19;
2,19;
0,17;
1,15;
11,14;
35,14;
36,14;
32,14;
25,16;
22,22;
26,27;
34,28;
37,32;

i

33,0;
31,17;
38,19;
38,22;
38,23;
5,24;
4,24;
4,23;
4,22;
5,21;
6,21;
7,21;
9,25;
7,26;
5,27;
1,24;
1,22;
3,19;
6,19;
9,21;
9,23;
9,24;
9,24;
9,24;
9,24;
38,24;
38,20;
13,19;
13,21;
38,19;
38,20;
13,22;
38,23;
38,23;
37,21;
14,22;
14,21;
14,20;
38,24;
38,24;
38,24;
38,24;
35,40;

j

35,2;
35,13;
29,27;
19,28;
12,28;
10,26;
8,23;
6,23;
5,25;
7,27;
15,26;
33,25;
39,22;
40,13;
38,11;
40,16;
40,20;
31,24;
27,30;
26,34;
26,36;

k

40,0;
40,16;
33,16;
1,16;
0,17;
1,18;
2,19;
24,16;
23,17;
18,19;
9,29;
13,32;
22,15;
23,15;
26,16;
37,33;
38,33;
39,32;
26,16;
39,16;
40,17;
39,18;
38,18;
27,15;
26,16;
25,17;
40,36;
40,40;

l

35,2;
23,15;
10,19;
2,19;
1,18;
1,16;
2,14;
5,13;
29,13;
34,16;
36,19;
36,23;
36,28;

m

39,0;
30,7;
20,8;
6,9;
5,11;
7,12;
10,13;
13,13;
35,13;
36,13;
36,14;
16,13;
10,15;
7,18;
6,21;
8,24;
11,26;
24,25;
34,25;
35,24;
34,23;
32,23;
9,27;
6,31;
5,34;
8,37;
35,37;
37,38;
38,39;
38,40;

n

39,0;
30,7;
20,8;
6,9;
5,11;
7,12;
10,13;
13,13;
35,13;
36,13;
36,14;
16,13;
10,15;
7,18;
6,21;
8,24;
11,26;
24,25;
34,25;
37,29;
37,34;
37,36;

o

40,0;
40,11;
38,25;
36,29;
31,31;
19,31;
15,28;
12,21;
13,14;
17,9;
23,7;
30,7;
36,11;
39,20;
39,30;
39,39;

p

24,0;
24,5;
21,10;
10,14;
2,14;
1,14;
0,14;
32,14;
33,14;
34,12;
2,15;
1,16;
0,17;
0,23;
5,27;
10,27;
14,24;
15,19;
11,15;
9,15;
8,17;
15,27;
17,40;

q

22,0;
10,4;
2,10;
0,20;
3,26;
4,27;
5,28;
6,29;
2,23;
0,19;
2,14;
7,12;
13,12;
19,16;
19,22;
13,26;
9,27;
8,27;
6,27;
36,23;
37,23;
38,23;
35,27;
25,30;
20,29;
17,25;
17,27;
17,28;
19,40;

r

39,0;
37,3;
33,6;
22,9;
16,9;
11,9;
10,9;
9,9;
10,9;
14,9;
15,10;
11,26;
10,27;
10,27;
14,26;
26,24;
33,25;
37,30;
37,36;

s

39,0;
25,6;
16,10;
8,16;
6,23;
6,30;
8,34;
11,36;
13,36;
11,34;
8,31;
6,25;
6,21;
11,15;
14,15;
18,17;
24,28;
31,33;
37,33;
40,29;
40,20;
35,15;
24,4;
30,13;
37,24;
38,38;

t

40,0;
40,20;
39,21;
35,21;
1,19;
0,20;
1,22;
11,22;
12,22;
12,21;
12,19;
12,0;
13,1;
12,39;
11,39;
11,21;
12,20;
14,19;
39,20;
40,21;
40,22;
40,40;

u

40,0;
40,5;
32,11;
14,15;
9,15;
8,13;
12,11;
21,11;
37,14;
40,20;
40,24;
36,28;
22,32;
12,33;
9,30;
9,27;
12,26;
30,27;
38,31;
40,36;
40,40;

v

37,0;
40,20;
40,21;
39,22;
38,21;
5,3;
4,2;
4,3;
5,4;
38,23;
39,23;
40,22;
39,21;
3,36;
2,36;
2,37;
5,36;
38,22;
39,21;
40,21;
40,22;
40,40;

w

40,0;
39,3;
33,7;
8,10;
6,9;
8,8;
33,7;
38,10;
39,13;
39,15;
37,17;
34,19;
20,23;
13,23;
11,21;
13,20;
18,20;
36,20;
38,24;
39,28;
39,32;
26,36;
14,36;
11,34;
10,33;
9,32;
11,32;
38,37;
40,40;

x

40,0;
13,7;
3,4;
1,2;
1,1;
3,2;
11,13;
19,19;
22,19;
25,17;
39,3;
38,3;
36,4;
3,38;
3,39;
4,39;
17,21;
19,19;
23,19;
31,22;
38,31;
39,39;

y

37,0;
29,9;
18,17;
4,18;
2,18;
1,17;
2,16;
4,15;
17,16;
21,17;
24,22;
24,27;
20,31;
9,34;
2,34;
1,33;
1,32;
3,31;
36,33;
38,30;
40,19;
37,16;
34,15;
32,17;
38,40;

z

40,0;
40,31;
39,32;
38,32;
38,31;
38,7;
38,6;
39,6;
40,7;
8,33;
9,34;
10,33;
10,30;
5,1;
6,0;
8,1;
8,3;
8,31;
8,32;
9,33;
10,32;
37,7;
38,6;
38,7;
38,9;
38,40;

0

40,0;
39,22;
37,32;
32,34;
20,36;
9,33;
4,29;
2,20;
3,13;
8,5;
24,3;
32,5;
39,21;
29,35;
19,34;
11,33;
5,30;
4,29;
5,28;
6,27;
31,10;
32,9;
31,9;
30,10;
40,21;
40,22;
40,23;
40,40;

1

36,0;
37,23;
38,24;
39,24;
40,23;
40,15;
39,15;
39,17;
39,30;
39,33;
40,33;
40,32;
40,24;
40,23;
39,22;
38,22;
2,23;
1,23;
0,24;
0,23;
6,18;
6,17;
5,17;
4,17;
2,22;
1,23;
0,23;
0,24;
39,23;
39,24;
37,24;
37,40;

2

31,0;
40,35;
39,35;
38,34;
37,33;
40,4;
38,3;
37,3;
36,3;
37,35;
38,36;
39,35;
39,33;
38,3;
38,3;
38,3;
38,3;
14,31;
14,31;
14,31;
5,33;
0,26;
1,13;
9,3;
9,3;
9,3;
9,3;
4,11;
1,21;
0,25;
0,27;
6,31;
14,31;
30,14;
30,14;
30,14;
30,14;
40,40;

3

31,0;
32,28;
40,18;
34,6;
33,6;
33,7;
34,8;
40,17;
40,25;
38,29;
33,32;
27,32;
22,28;
19,22;
18,15;
18,11;
18,11;
18,11;
18,11;
17,22;
14,27;
12,28;
9,28;
6,28;
3,25;
1,21;
1,14;
5,6;
6,6;
7,7;
3,14;
2,19;
3,25;
8,28;
14,27;
19,17;
19,17;
24,30;
35,30;
34,40;

4

35,0;
35,26;
38,26;
40,25;
39,24;
2,25;
1,25;
0,26;
1,26;
17,26;
18,26;
19,25;
19,24;
18,9;
18,8;
18,8;
18,8;
1,16;
1,16;
1,16;
1,16;
18,8;
18,8;
18,8;
18,8;
19,25;
19,25;
19,25;
19,25;
40,26;
40,26;
40,26;
40,26;
36,40;

5

40,0;
40,21;
39,18;
38,13;
32,7;
31,6;
31,6;
31,6;
40,19;
40,21;
37,26;
26,29;
21,23;
20,10;
18,7;
16,6;
13,6;
2,6;
2,6;
2,6;
2,6;
7,25;
7,25;
7,25;
7,25;
2,6;
2,6;
2,6;
2,6;
17,6;
18,7;
19,9;
21,22;
25,26;
36,24;
39,40;

6

40,0;
40,19;
40,22;
38,29;
33,33;
29,33;
25,30;
22,23;
26,14;
30,13;
36,16;
39,22;
39,22;
39,22;
30,12;
28,11;
26,9;
13,7;
8,9;
1,19;
1,26;
1,26;
1,26;
1,26;
5,13;
7,10;
11,8;
17,8;
23,9;
31,13;
39,21;
39,23;
39,26;
40,40;

7

40,0;
40,16;
40,16;
40,16;
40,16;
2,29;
2,29;
2,29;
2,29;
3,9;
3,9;
3,9;
3,9;
5,7;
5,7;
5,7;
3,9;
3,9;
3,9;
2,29;
2,29;
2,29;
2,29;
20,23;
20,23;
20,23;
20,23;
20,13;
20,13;
20,32;
20,32;
20,23;
20,23;
20,23;
20,23;
40,17;
40,17;
40,17;
40,17;
40,40;

8

40,0;
39,20;
37,28;
31,32;
26,32;
22,29;
19,21;
18,15;
16,9;
13,5;
8,4;
3,11;
1,19;
2,28;
10,33;
13,33;
17,26;
21,9;
27,5;
31,5;
37,8;
40,26;
40,32;
40,40;

9

40,0;
40,18;
40,18;
40,18;
40,18;
6,30;
6,30;
6,30;
6,30;
1,26;
0,17;
6,7;
15,7;
19,13;
15,20;
6,30;
6,30;
6,30;
6,30;
40,16;
40,16;
40,16;
40,16;
40,40;

.

26,0;
26,27;
40,27;
40,13;
30,13;
29,26;
40,26;
39,15;
30,15;
30,25;
38,24;
37,16;
32,16;
31,23;
39,24;
36,15;
27,40;

@

31,0;
29,25;
28,24;
27,24;
13,24;
11,18;
16,13;
22,12;
30,17;
25,22;
17,24;
16,24;
15,24;
38,23;
40,21;
39,12;
37,10;
36,9;
17,3;
5,7;
0,16;
0,25;
6,33;
23,37;
35,32;
39,25;
29,27;
29,40;

-

40,0;
14,4;
14,33;
14,33;
16,33;
16,33;
15,7;
15,7;
17,7;
17,7;
16,33;
16,33;
18,33;
18,33;
19,7;
19,7;
21,7;
21,7;
20,33;
20,33;
21,33;
21,33;
22,7;
22,7;
40,40;

_

27,0;
40,39;
40,1;
40,1;
38,1;
38,1;
39,38;
39,38;
37,38;
37,38;
36,1;
36,1;
34,1;
34,1;
34,38;
34,38;
40,38;
40,38;
37,1;
28,40;

:

26,0;
26,27;
40,27;
40,13;
30,13;
29,26;
40,26;
39,15;
30,15;
30,25;
38,24;
37,16;
32,16;
31,23;
39,24;
13,25;
4,25;
4,13;
14,13;
14,23;
5,22;
4,15;
10,13;
14,22;
4,22;
12,16;
14,23;
5,23;
13,14;
30,40;

/

29,0;
29,17;
38,2;
38,2;
38,2;
38,2;
2,35;
2,35;
3,36;
3,36;
38,4;
38,4;
38,5;
38,5;
4,37;
4,37;
5,38;
5,38;
38,6;
38,6;
38,6;
38,6;
30,40;




" "

40,0;
40,40;